2947432
99999
5022725
71415
6512
66666
5395900
52319
5551065
7874579
74751
5324055
461130
5324388
5818349
1121443
1143121
65962
1415
191431
5321749
5574362
757122
1289415
5592288
4291405
6794440
3361877
5632185
6588602
5168755
582074
6509544
562007
5324559
94228
6583631
2667743
6937618
4666609
308993
5324613
46000
6710618
5574973
5586772
6560603
6464113
2150596
820795
954258
6682560
5083790
4895619
80756
5747228
5175512
548061
12930
5574907
5168755
582074
6509544
562007
5324559
94228
6583631
2667743
6937618
4666609
308993
5324613
46000
6710618
5574973
5586772
6560603
6464113
2150596
820795
954258
6682560
5083790
4895619
80756
5747228
5175512
548061
12930
5574907
599351
7833742
6522466
1370693
8546776
5630372
6043590
5715587
8362761
6143935
7457181
139219
20360
1658669
4331948
6557140
7768165
5359506
6572448
5575407
262831
2989633
2706482
2328040
3784132
5174728
6506454
653829
8341465
5237825
